time,minute,activity_top3,delta_top3,activity_rank,delta_rank
09:00,540,"g1,g2,g3","g1,g2,g3",1:g1;2:g2;3:g3;4:g4;5:g5;6:g6;7:g7;8:g8;9:g9,1:g1;2:g2;3:g3;4:g4;5:g5;6:g6;7:g7;8:g8;9:g9
09:05,545,"g1,g2,g3","g1,g2,g3",1:g1;2:g2;3:g3;4:g4;5:g5;6:g6;7:g7;8:g8;9:g9,1:g1;2:g2;3:g3;4:g4;5:g5;6:g6;7:g7;8:g8;9:g9
09:10,550,"g1,g2,g3","g1,g2,g3",1:g1;2:g2;3:g3;4:g4;5:g5;6:g6;7:g7;8:g8;9:g9,1:g1;2:g2;3:g3;4:g4;5:g5;6:g6;7:g7;8:g8;9:g9
09:15,555,"g1,g2,g3","g1,g2,g3",1:g1;2:g2;3:g3;4:g4;5:g5;6:g6;7:g7;8:g8;9:g9,1:g1;2:g2;3:g3;4:g4;5:g5;6:g6;7:g7;8:g8;9:g9
09:20,560,"g1,g2,g3","g1,g2,g3",1:g1;2:g2;3:g3;4:g4;5:g5;6:g6;7:g7;8:g8;9:g9,1:g1;2:g2;3:g3;4:g4;5:g5;6:g6;7:g7;8:g8;9:g9
09:25,565,"g1,g2,g3","g1,g2,g3",1:g1;2:g2;3:g3;4:g4;5:g5;6:g6;7:g7;8:g8;9:g9,1:g1;2:g2;3:g3;4:g4;5:g5;6:g6;7:g7;8:g8;9:g9
09:30,570,"g1,g2,g3","g1,g2,g3",1:g1;2:g2;3:g3;4:g4;5:g5;6:g6;7:g7;8:g8;9:g9,1:g1;2:g2;3:g3;4:g4;5:g5;6:g6;7:g7;8:g8;9:g9
09:35,575,"g1,g2,g3","g1,g2,g3",1:g1;2:g2;3:g3;4:g4;5:g5;6:g6;7:g7;8:g8;9:g9,1:g1;2:g2;3:g3;4:g4;5:g5;6:g6;7:g7;8:g8;9:g9
09:40,580,"g1,g2,g3","g1,g2,g3",1:g1;2:g2;3:g3;4:g4;5:g5;6:g6;7:g7;8:g8;9:g9,1:g1;2:g2;3:g3;4:g4;5:g5;6:g6;7:g7;8:g8;9:g9
09:45,585,"g1,g2,g3","g1,g2,g3",1:g1;2:g2;3:g3;4:g4;5:g5;6:g6;7:g7;8:g8;9:g9,1:g1;2:g2;3:g3;4:g4;5:g5;6:g6;7:g7;8:g8;9:g9
09:50,590,"g1,g2,g3","g1,g2,g3",1:g1;2:g2;3:g3;4:g4;5:g5;6:g6;7:g7;8:g8;9:g9,1:g1;2:g2;3:g3;4:g4;5:g5;6:g6;7:g7;8:g8;9:g9
09:55,595,"g1,g2,g3","g1,g2,g3",1:g1;2:g2;3:g3;4:g4;5:g5;6:g6;7:g7;8:g8;9:g9,1:g1;2:g2;3:g3;4:g4;5:g5;6:g6;7:g7;8:g8;9:g9
10:00,600,"g1,g2,g3","g1,g2,g3",1:g1;2:g2;3:g3;4:g4;5:g5;6:g6;7:g7;8:g8;9:g9,1:g1;2:g2;3:g3;4:g4;5:g5;6:g6;7:g7;8:g8;9:g9
10:05,605,"g1,g2,g3","g1,g2,g3",1:g1;2:g2;3:g3;4:g4;5:g5;6:g6;7:g7;8:g8;9:g9,1:g1;2:g2;3:g3;4:g4;5:g5;6:g6;7:g7;8:g8;9:g9
10:10,610,"g1,g2,g3","g1,g2,g3",1:g1;2:g2;3:g3;4:g4;5:g5;6:g6;7:g7;8:g8;9:g9,1:g1;2:g2;3:g3;4:g4;5:g5;6:g6;7:g9;8:g8;9:g7
10:15,615,"g1,g2,g3","g1,g2,g3",1:g1;2:g2;3:g3;4:g4;5:g5;6:g6;7:g7;8:g8;9:g9,1:g1;2:g2;3:g3;4:g4;5:g5;6:g6;7:g7;8:g8;9:g9
10:20,620,"g1,g2,g3","g1,g2,g3",1:g1;2:g2;3:g3;4:g4;5:g5;6:g6;7:g7;8:g8;9:g9,1:g1;2:g2;3:g3;4:g4;5:g5;6:g6;7:g7;8:g8;9:g9
10:25,625,"g1,g2,g3","g2,g4,g5",1:g1;2:g2;3:g3;4:g4;5:g5;6:g6;7:g7;8:g8;9:g9,1:g2;2:g4;3:g5;4:g6;5:g9;6:g1;7:g8;8:g7;9:g3
10:30,630,"g3,g1,g2","g1,g2,g3",1:g3;2:g1;3:g2;4:g4;5:g5;6:g6;7:g7;8:g8;9:g9,1:g1;2:g2;3:g3;4:g4;5:g5;6:g6;7:g7;8:g8;9:g9
10:35,635,"g3,g1,g2","g1,g2,g3",1:g3;2:g1;3:g2;4:g4;5:g5;6:g6;7:g7;8:g8;9:g9,1:g1;2:g2;3:g3;4:g4;5:g5;6:g6;7:g7;8:g8;9:g9
10:40,640,"g1,g8,g2","g3,g4,g5",1:g1;2:g8;3:g2;4:g3;5:g4;6:g5;7:g6;8:g7;9:g9,1:g3;2:g4;3:g5;4:g9;5:g7;6:g1;7:g6;8:g2;9:g8
10:45,645,"g1,g3,g2","g1,g2,g3",1:g1;2:g3;3:g2;4:g4;5:g5;6:g6;7:g7;8:g8;9:g9,1:g1;2:g2;3:g3;4:g4;5:g5;6:g6;7:g7;8:g8;9:g9
10:50,650,"g1,g2,g3","g1,g2,g3",1:g1;2:g2;3:g3;4:g4;5:g5;6:g6;7:g7;8:g8;9:g9,1:g1;2:g2;3:g3;4:g4;5:g5;6:g6;7:g7;8:g8;9:g9
10:55,655,"g1,g2,g3","g1,g2,g3",1:g1;2:g2;3:g3;4:g4;5:g5;6:g6;7:g7;8:g8;9:g9,1:g1;2:g2;3:g3;4:g4;5:g5;6:g6;7:g7;8:g8;9:g9
11:00,660,"g1,g2,g3","g1,g8,g3",1:g1;2:g2;3:g3;4:g4;5:g5;6:g6;7:g7;8:g8;9:g9,1:g1;2:g8;3:g3;4:g5;5:g6;6:g7;7:g9;8:g2;9:g4
11:05,665,"g1,g2,g3","g1,g2,g3",1:g1;2:g2;3:g3;4:g4;5:g5;6:g6;7:g7;8:g8;9:g9,1:g1;2:g2;3:g3;4:g4;5:g5;6:g6;7:g7;8:g8;9:g9
11:10,670,"g9,g1,g2","g1,g5,g6",1:g9;2:g1;3:g2;4:g3;5:g4;6:g5;7:g6;8:g7;9:g8,1:g1;2:g5;3:g6;4:g7;5:g8;6:g2;7:g4;8:g3;9:g9
11:15,675,"g9,g1,g2","g1,g2,g3",1:g9;2:g1;3:g2;4:g3;5:g4;6:g5;7:g6;8:g7;9:g8,1:g1;2:g2;3:g3;4:g4;5:g5;6:g6;7:g7;8:g8;9:g9
11:20,680,"g1,g2,g3","g1,g2,g3",1:g1;2:g2;3:g3;4:g4;5:g5;6:g6;7:g7;8:g8;9:g9,1:g1;2:g2;3:g3;4:g4;5:g5;6:g6;7:g7;8:g8;9:g9
11:25,685,"g1,g2,g3","g1,g2,g3",1:g1;2:g2;3:g3;4:g4;5:g5;6:g6;7:g7;8:g8;9:g9,1:g1;2:g2;3:g3;4:g4;5:g5;6:g6;7:g7;8:g8;9:g9
11:30,690,"g9,g1,g2","g2,g6,g9",1:g9;2:g1;3:g2;4:g3;5:g4;6:g5;7:g6;8:g7;9:g8,1:g2;2:g6;3:g9;4:g3;5:g7;6:g1;7:g4;8:g8;9:g5
11:35,695,"g1,g2,g3","g1,g2,g3",1:g1;2:g2;3:g3;4:g4;5:g5;6:g6;7:g7;8:g8;9:g9,1:g1;2:g2;3:g3;4:g4;5:g5;6:g6;7:g7;8:g8;9:g9
11:40,700,"g5,g4,g8","g1,g2,g3",1:g5;2:g4;3:g8;4:g1;5:g2;6:g3;7:g6;8:g7;9:g9,1:g1;2:g2;3:g3;4:g4;5:g5;6:g6;7:g7;8:g8;9:g9
11:45,705,"g1,g9,g2","g7,g8,g6",1:g1;2:g9;3:g2;4:g3;5:g4;6:g5;7:g6;8:g7;9:g8,1:g7;2:g8;3:g6;4:g5;5:g1;6:g2;7:g9;8:g4;9:g3
11:50,710,"g1,g2,g3","g1,g2,g3",1:g1;2:g2;3:g3;4:g4;5:g5;6:g6;7:g7;8:g8;9:g9,1:g1;2:g2;3:g3;4:g4;5:g5;6:g6;7:g7;8:g8;9:g9
11:55,715,"g1,g5,g9","g1,g2,g3",1:g1;2:g5;3:g9;4:g2;5:g3;6:g4;7:g6;8:g7;9:g8,1:g1;2:g2;3:g3;4:g4;5:g5;6:g6;7:g7;8:g8;9:g9
12:00,720,"g5,g9,g1","g1,g2,g3",1:g5;2:g9;3:g1;4:g2;5:g3;6:g4;7:g6;8:g7;9:g8,1:g1;2:g2;3:g3;4:g4;5:g5;6:g6;7:g7;8:g8;9:g9
12:05,725,"g5,g6,g9","g1,g5,g9",1:g5;2:g6;3:g9;4:g1;5:g2;6:g3;7:g4;8:g7;9:g8,1:g1;2:g5;3:g9;4:g7;5:g8;6:g6;7:g4;8:g2;9:g3
12:10,730,"g5,g6,g2","g1,g2,g3",1:g5;2:g6;3:g2;4:g8;5:g1;6:g3;7:g4;8:g7;9:g9,1:g1;2:g2;3:g3;4:g4;5:g5;6:g6;7:g7;8:g8;9:g9
12:15,735,"g2,g5,g1","g1,g2,g3",1:g2;2:g5;3:g1;4:g3;5:g4;6:g6;7:g7;8:g8;9:g9,1:g1;2:g2;3:g3;4:g4;5:g5;6:g6;7:g7;8:g8;9:g9
12:20,740,"g2,g5,g1","g1,g2,g3",1:g2;2:g5;3:g1;4:g3;5:g4;6:g6;7:g7;8:g8;9:g9,1:g1;2:g2;3:g3;4:g4;5:g5;6:g6;7:g7;8:g8;9:g9
12:25,745,"g7,g5,g1","g1,g2,g3",1:g7;2:g5;3:g1;4:g2;5:g3;6:g4;7:g6;8:g8;9:g9,1:g1;2:g2;3:g3;4:g4;5:g5;6:g6;7:g7;8:g8;9:g9
12:30,750,"g1,g6,g7","g5,g2,g6",1:g1;2:g6;3:g7;4:g8;5:g9;6:g2;7:g3;8:g4;9:g5,1:g5;2:g2;3:g6;4:g9;5:g7;6:g8;7:g1;8:g3;9:g4
12:35,755,"g1,g5,g6","g1,g2,g3",1:g1;2:g5;3:g6;4:g7;5:g8;6:g9;7:g2;8:g3;9:g4,1:g1;2:g2;3:g3;4:g4;5:g5;6:g6;7:g7;8:g8;9:g9
12:40,760,"g6,g8,g1","g1,g2,g3",1:g6;2:g8;3:g1;4:g5;5:g7;6:g9;7:g2;8:g3;9:g4,1:g1;2:g2;3:g3;4:g4;5:g5;6:g6;7:g7;8:g8;9:g9
12:45,765,"g1,g5,g6","g1,g2,g3",1:g1;2:g5;3:g6;4:g8;5:g2;6:g3;7:g4;8:g7;9:g9,1:g1;2:g2;3:g3;4:g4;5:g5;6:g6;7:g7;8:g8;9:g9
12:50,770,"g1,g5,g6","g7,g1,g8",1:g1;2:g5;3:g6;4:g7;5:g2;6:g3;7:g4;8:g8;9:g9,1:g7;2:g1;3:g8;4:g6;5:g9;6:g2;7:g5;8:g3;9:g4
12:55,775,"g5,g6,g7","g1,g2,g3",1:g5;2:g6;3:g7;4:g1;5:g2;6:g3;7:g4;8:g8;9:g9,1:g1;2:g2;3:g3;4:g4;5:g5;6:g6;7:g7;8:g8;9:g9
13:00,780,"g6,g1,g7","g1,g2,g3",1:g6;2:g1;3:g7;4:g2;5:g3;6:g4;7:g5;8:g8;9:g9,1:g1;2:g2;3:g3;4:g4;5:g5;6:g6;7:g7;8:g8;9:g9
13:05,785,"g5,g1,g2","g6,g5,g7",1:g5;2:g1;3:g2;4:g3;5:g4;6:g6;7:g7;8:g8;9:g9,1:g6;2:g5;3:g7;4:g1;5:g8;6:g2;7:g3;8:g9;9:g4
13:10,790,"g1,g5,g7","g1,g2,g3",1:g1;2:g5;3:g7;4:g2;5:g3;6:g4;7:g6;8:g8;9:g9,1:g1;2:g2;3:g3;4:g4;5:g5;6:g6;7:g7;8:g8;9:g9
13:15,795,"g5,g7,g1","g1,g2,g3",1:g5;2:g7;3:g1;4:g2;5:g3;6:g4;7:g6;8:g8;9:g9,1:g1;2:g2;3:g3;4:g4;5:g5;6:g6;7:g7;8:g8;9:g9
13:20,800,"g5,g1,g2","g1,g2,g3",1:g5;2:g1;3:g2;4:g3;5:g4;6:g6;7:g7;8:g8;9:g9,1:g1;2:g2;3:g3;4:g4;5:g5;6:g6;7:g7;8:g8;9:g9
13:25,805,"g1,g2,g3","g5,g7,g1",1:g1;2:g2;3:g3;4:g4;5:g5;6:g6;7:g7;8:g8;9:g9,1:g5;2:g7;3:g1;4:g6;5:g9;6:g2;7:g3;8:g8;9:g4
13:30,810,"g1,g6,g2","g1,g2,g3",1:g1;2:g6;3:g2;4:g3;5:g4;6:g5;7:g7;8:g8;9:g9,1:g1;2:g2;3:g3;4:g4;5:g5;6:g6;7:g7;8:g8;9:g9
13:35,815,"g1,g4,g5","g1,g2,g3",1:g1;2:g4;3:g5;4:g6;5:g2;6:g3;7:g7;8:g8;9:g9,1:g1;2:g2;3:g3;4:g4;5:g5;6:g6;7:g7;8:g8;9:g9
13:40,820,"g6,g4,g5","g1,g2,g3",1:g6;2:g4;3:g5;4:g1;5:g2;6:g3;7:g7;8:g8;9:g9,1:g1;2:g2;3:g3;4:g4;5:g5;6:g6;7:g7;8:g8;9:g9
13:45,825,"g1,g4,g2","g1,g2,g3",1:g1;2:g4;3:g2;4:g3;5:g5;6:g6;7:g7;8:g8;9:g9,1:g1;2:g2;3:g3;4:g4;5:g5;6:g6;7:g7;8:g8;9:g9
13:50,830,"g1,g6,g8","g1,g6,g5",1:g1;2:g6;3:g8;4:g2;5:g3;6:g4;7:g5;8:g7;9:g9,1:g1;2:g6;3:g5;4:g7;5:g4;6:g3;7:g8;8:g2;9:g9
13:55,835,"g1,g6,g8","g1,g2,g3",1:g1;2:g6;3:g8;4:g2;5:g3;6:g4;7:g5;8:g7;9:g9,1:g1;2:g2;3:g3;4:g4;5:g5;6:g6;7:g7;8:g8;9:g9
14:00,840,"g8,g1,g2","g1,g2,g3",1:g8;2:g1;3:g2;4:g5;5:g3;6:g4;7:g6;8:g7;9:g9,1:g1;2:g2;3:g3;4:g4;5:g5;6:g6;7:g7;8:g8;9:g9
14:05,845,"g5,g6,g8","g1,g2,g3",1:g5;2:g6;3:g8;4:g9;5:g1;6:g2;7:g3;8:g4;9:g7,1:g1;2:g2;3:g3;4:g4;5:g5;6:g6;7:g7;8:g8;9:g9
14:10,850,"g8,g6,g1","g1,g6,g8",1:g8;2:g6;3:g1;4:g2;5:g3;6:g4;7:g5;8:g7;9:g9,1:g1;2:g6;3:g8;4:g7;5:g2;6:g4;7:g9;8:g3;9:g5
14:15,855,"g6,g4,g8","g1,g2,g3",1:g6;2:g4;3:g8;4:g1;5:g2;6:g3;7:g5;8:g7;9:g9,1:g1;2:g2;3:g3;4:g4;5:g5;6:g6;7:g7;8:g8;9:g9
14:20,860,"g6,g2,g1","g1,g2,g3",1:g6;2:g2;3:g1;4:g3;5:g4;6:g5;7:g7;8:g8;9:g9,1:g1;2:g2;3:g3;4:g4;5:g5;6:g6;7:g7;8:g8;9:g9
14:25,865,"g2,g3,g6","g1,g2,g3",1:g2;2:g3;3:g6;4:g1;5:g4;6:g5;7:g7;8:g8;9:g9,1:g1;2:g2;3:g3;4:g4;5:g5;6:g6;7:g7;8:g8;9:g9
14:30,870,"g3,g5,g1","g6,g8,g7",1:g3;2:g5;3:g1;4:g4;5:g2;6:g6;7:g7;8:g8;9:g9,1:g6;2:g8;3:g7;4:g2;5:g1;6:g5;7:g9;8:g4;9:g3
14:35,875,"g5,g3,g4","g1,g2,g3",1:g5;2:g3;3:g4;4:g6;5:g1;6:g2;7:g7;8:g8;9:g9,1:g1;2:g2;3:g3;4:g4;5:g5;6:g6;7:g7;8:g8;9:g9
14:40,880,"g5,g3,g4","g1,g2,g3",1:g5;2:g3;3:g4;4:g6;5:g8;6:g1;7:g2;8:g7;9:g9,1:g1;2:g2;3:g3;4:g4;5:g5;6:g6;7:g7;8:g8;9:g9
14:45,885,"g5,g8,g3","g5,g3,g6",1:g5;2:g8;3:g3;4:g4;5:g1;6:g2;7:g6;8:g7;9:g9,1:g5;2:g3;3:g6;4:g4;5:g2;6:g1;7:g7;8:g8;9:g9
14:50,890,"g8,g3,g5","g1,g2,g3",1:g8;2:g3;3:g5;4:g6;5:g4;6:g1;7:g2;8:g7;9:g9,1:g1;2:g2;3:g3;4:g4;5:g5;6:g6;7:g7;8:g8;9:g9
14:55,895,"g5,g8,g3","g1,g2,g3",1:g5;2:g8;3:g3;4:g4;5:g9;6:g1;7:g2;8:g6;9:g7,1:g1;2:g2;3:g3;4:g4;5:g5;6:g6;7:g7;8:g8;9:g9
15:00,900,"g8,g4,g5","g1,g2,g3",1:g8;2:g4;3:g5;4:g6;5:g7;6:g9;7:g1;8:g2;9:g3,1:g1;2:g2;3:g3;4:g4;5:g5;6:g6;7:g7;8:g8;9:g9
15:05,905,"g6,g8,g4","g1,g2,g3",1:g6;2:g8;3:g4;4:g5;5:g9;6:g1;7:g2;8:g3;9:g7,1:g1;2:g2;3:g3;4:g4;5:g5;6:g6;7:g7;8:g8;9:g9
15:10,910,"g8,g2,g4","g8,g5,g6",1:g8;2:g2;3:g4;4:g5;5:g9;6:g1;7:g3;8:g6;9:g7,1:g8;2:g5;3:g6;4:g4;5:g3;6:g9;7:g7;8:g1;9:g2
15:15,915,"g5,g2,g4","g1,g2,g3",1:g5;2:g2;3:g4;4:g6;5:g9;6:g1;7:g3;8:g7;9:g8,1:g1;2:g2;3:g3;4:g4;5:g5;6:g6;7:g7;8:g8;9:g9
15:20,920,"g5,g9,g1","g1,g2,g3",1:g5;2:g9;3:g1;4:g2;5:g3;6:g4;7:g6;8:g7;9:g8,1:g1;2:g2;3:g3;4:g4;5:g5;6:g6;7:g7;8:g8;9:g9
15:25,925,"g5,g6,g8","g1,g2,g3",1:g5;2:g6;3:g8;4:g9;5:g1;6:g2;7:g3;8:g4;9:g7,1:g1;2:g2;3:g3;4:g4;5:g5;6:g6;7:g7;8:g8;9:g9
15:30,930,"g5,g3,g6","g8,g5,g4",1:g5;2:g3;3:g6;4:g8;5:g1;6:g2;7:g4;8:g7;9:g9,1:g8;2:g5;3:g4;4:g9;5:g6;6:g7;7:g2;8:g1;9:g3
15:35,935,"g6,g2,g4","g1,g2,g3",1:g6;2:g2;3:g4;4:g5;5:g8;6:g1;7:g3;8:g7;9:g9,1:g1;2:g2;3:g3;4:g4;5:g5;6:g6;7:g7;8:g8;9:g9
15:40,940,"g5,g4,g1","g1,g2,g3",1:g5;2:g4;3:g1;4:g3;5:g6;6:g2;7:g7;8:g8;9:g9,1:g1;2:g2;3:g3;4:g4;5:g5;6:g6;7:g7;8:g8;9:g9
15:45,945,"g4,g3,g6","g5,g6,g8",1:g4;2:g3;3:g6;4:g5;5:g1;6:g2;7:g7;8:g8;9:g9,1:g5;2:g6;3:g8;4:g9;5:g4;6:g3;7:g2;8:g1;9:g7
15:50,950,"g4,g5,g9","g1,g2,g3",1:g4;2:g5;3:g9;4:g6;5:g7;6:g1;7:g2;8:g3;9:g8,1:g1;2:g2;3:g3;4:g4;5:g5;6:g6;7:g7;8:g8;9:g9
15:55,955,"g5,g4,g1","g1,g2,g3",1:g5;2:g4;3:g1;4:g9;5:g7;6:g2;7:g3;8:g6;9:g8,1:g1;2:g2;3:g3;4:g4;5:g5;6:g6;7:g7;8:g8;9:g9
16:00,960,"g1,g5,g9","g1,g2,g3",1:g1;2:g5;3:g9;4:g2;5:g3;6:g4;7:g6;8:g7;9:g8,1:g1;2:g2;3:g3;4:g4;5:g5;6:g6;7:g7;8:g8;9:g9
16:05,965,"g1,g2,g3","g1,g2,g3",1:g1;2:g2;3:g3;4:g4;5:g5;6:g6;7:g7;8:g8;9:g9,1:g1;2:g2;3:g3;4:g4;5:g5;6:g6;7:g7;8:g8;9:g9
16:10,970,"g1,g5,g4","g4,g5,g9",1:g1;2:g5;3:g4;4:g9;5:g2;6:g3;7:g6;8:g7;9:g8,1:g4;2:g5;3:g9;4:g1;5:g7;6:g6;7:g3;8:g8;9:g2
16:15,975,"g1,g4,g5","g1,g2,g3",1:g1;2:g4;3:g5;4:g2;5:g3;6:g6;7:g7;8:g8;9:g9,1:g1;2:g2;3:g3;4:g4;5:g5;6:g6;7:g7;8:g8;9:g9
16:20,980,"g5,g1,g4","g1,g2,g3",1:g5;2:g1;3:g4;4:g2;5:g3;6:g6;7:g7;8:g8;9:g9,1:g1;2:g2;3:g3;4:g4;5:g5;6:g6;7:g7;8:g8;9:g9
16:25,985,"g5,g1,g4","g1,g2,g3",1:g5;2:g1;3:g4;4:g2;5:g3;6:g6;7:g7;8:g8;9:g9,1:g1;2:g2;3:g3;4:g4;5:g5;6:g6;7:g7;8:g8;9:g9
16:30,990,"g4,g1,g5","g1,g5,g4",1:g4;2:g1;3:g5;4:g2;5:g3;6:g6;7:g7;8:g8;9:g9,1:g1;2:g5;3:g4;4:g9;5:g2;6:g3;7:g6;8:g8;9:g7
16:35,995,"g1,g4,g5","g1,g2,g3",1:g1;2:g4;3:g5;4:g3;5:g6;6:g8;7:g2;8:g7;9:g9,1:g1;2:g2;3:g3;4:g4;5:g5;6:g6;7:g7;8:g8;9:g9
16:40,1000,"g1,g2,g3","g1,g2,g3",1:g1;2:g2;3:g3;4:g4;5:g6;6:g7;7:g8;8:g5;9:g9,1:g1;2:g2;3:g3;4:g4;5:g5;6:g6;7:g7;8:g8;9:g9
16:45,1005,"g2,g4,g7","g1,g2,g3",1:g2;2:g4;3:g7;4:g8;5:g3;6:g1;7:g5;8:g6;9:g9,1:g1;2:g2;3:g3;4:g4;5:g5;6:g6;7:g7;8:g8;9:g9
16:50,1010,"g8,g1,g9","g1,g4,g5",1:g8;2:g1;3:g9;4:g2;5:g3;6:g4;7:g5;8:g6;9:g7,1:g1;2:g4;3:g5;4:g6;5:g3;6:g8;7:g2;8:g7;9:g9
16:55,1015,"g4,g1,g3","g1,g2,g3",1:g4;2:g1;3:g3;4:g8;5:g9;6:g2;7:g5;8:g6;9:g7,1:g1;2:g2;3:g3;4:g4;5:g5;6:g6;7:g7;8:g8;9:g9
17:00,1020,"g3,g1,g7","g1,g2,g3",1:g3;2:g1;3:g7;4:g9;5:g2;6:g4;7:g5;8:g6;9:g8,1:g1;2:g2;3:g3;4:g4;5:g5;6:g6;7:g7;8:g8;9:g9
17:05,1025,"g9,g1,g7","g8,g1,g2",1:g9;2:g1;3:g7;4:g2;5:g3;6:g4;7:g5;8:g6;9:g8,1:g8;2:g1;3:g2;4:g7;5:g4;6:g3;7:g9;8:g6;9:g5
17:10,1030,"g1,g9,g2","g1,g2,g3",1:g1;2:g9;3:g2;4:g3;5:g4;6:g5;7:g6;8:g7;9:g8,1:g1;2:g2;3:g3;4:g4;5:g5;6:g6;7:g7;8:g8;9:g9
17:15,1035,"g4,g1,g2","g1,g2,g3",1:g4;2:g1;3:g2;4:g3;5:g5;6:g6;7:g7;8:g8;9:g9,1:g1;2:g2;3:g3;4:g4;5:g5;6:g6;7:g7;8:g8;9:g9
17:20,1040,"g1,g2,g3","g1,g2,g3",1:g1;2:g2;3:g3;4:g4;5:g5;6:g6;7:g7;8:g8;9:g9,1:g1;2:g2;3:g3;4:g4;5:g5;6:g6;7:g7;8:g8;9:g9
17:25,1045,"g1,g3,g4","g1,g2,g3",1:g1;2:g3;3:g4;4:g2;5:g5;6:g6;7:g7;8:g8;9:g9,1:g1;2:g2;3:g3;4:g4;5:g5;6:g6;7:g7;8:g8;9:g9
17:30,1050,"g1,g4,g9","g1,g9,g7",1:g1;2:g4;3:g9;4:g2;5:g3;6:g5;7:g6;8:g7;9:g8,1:g1;2:g9;3:g7;4:g6;5:g3;6:g4;7:g2;8:g5;9:g8
17:35,1055,"g1,g3,g9","g1,g2,g3",1:g1;2:g3;3:g9;4:g2;5:g4;6:g5;7:g6;8:g7;9:g8,1:g1;2:g2;3:g3;4:g4;5:g5;6:g6;7:g7;8:g8;9:g9
17:40,1060,"g1,g3,g9","g1,g2,g3",1:g1;2:g3;3:g9;4:g2;5:g4;6:g5;7:g6;8:g7;9:g8,1:g1;2:g2;3:g3;4:g4;5:g5;6:g6;7:g7;8:g8;9:g9
17:45,1065,"g9,g3,g1","g1,g2,g3",1:g9;2:g3;3:g1;4:g2;5:g4;6:g5;7:g6;8:g7;9:g8,1:g1;2:g2;3:g3;4:g4;5:g5;6:g6;7:g7;8:g8;9:g9
17:50,1070,"g3,g1,g2","g1,g9,g4",1:g3;2:g1;3:g2;4:g4;5:g5;6:g6;7:g7;8:g8;9:g9,1:g1;2:g9;3:g4;4:g3;5:g2;6:g5;7:g6;8:g7;9:g8
17:55,1075,"g9,g1,g2","g1,g2,g3",1:g9;2:g1;3:g2;4:g3;5:g4;6:g5;7:g6;8:g7;9:g8,1:g1;2:g2;3:g3;4:g4;5:g5;6:g6;7:g7;8:g8;9:g9
18:00,1080,"g9,g3,g1","g1,g2,g3",1:g9;2:g3;3:g1;4:g2;5:g4;6:g5;7:g6;8:g7;9:g8,1:g1;2:g2;3:g3;4:g4;5:g5;6:g6;7:g7;8:g8;9:g9
18:05,1085,"g9,g3,g1","g1,g2,g3",1:g9;2:g3;3:g1;4:g2;5:g4;6:g5;7:g6;8:g7;9:g8,1:g1;2:g2;3:g3;4:g4;5:g5;6:g6;7:g7;8:g8;9:g9
18:10,1090,"g3,g9,g1","g9,g3,g1",1:g3;2:g9;3:g1;4:g2;5:g4;6:g5;7:g6;8:g7;9:g8,1:g9;2:g3;3:g1;4:g2;5:g4;6:g6;7:g5;8:g7;9:g8
18:15,1095,"g1,g2,g3","g1,g2,g3",1:g1;2:g2;3:g3;4:g4;5:g5;6:g6;7:g7;8:g8;9:g9,1:g1;2:g2;3:g3;4:g4;5:g5;6:g6;7:g7;8:g8;9:g9
18:20,1100,"g1,g2,g3","g1,g2,g3",1:g1;2:g2;3:g3;4:g4;5:g5;6:g6;7:g7;8:g8;9:g9,1:g1;2:g2;3:g3;4:g4;5:g5;6:g6;7:g7;8:g8;9:g9
18:25,1105,"g8,g1,g2","g9,g3,g6",1:g8;2:g1;3:g2;4:g3;5:g4;6:g5;7:g6;8:g7;9:g9,1:g9;2:g3;3:g6;4:g2;5:g7;6:g1;7:g5;8:g4;9:g8
18:30,1110,"g1,g2,g3","g1,g2,g3",1:g1;2:g2;3:g3;4:g4;5:g5;6:g6;7:g7;8:g8;9:g9,1:g1;2:g2;3:g3;4:g4;5:g5;6:g6;7:g7;8:g8;9:g9
18:35,1115,"g1,g2,g3","g1,g2,g3",1:g1;2:g2;3:g3;4:g4;5:g5;6:g6;7:g7;8:g8;9:g9,1:g1;2:g2;3:g3;4:g4;5:g5;6:g6;7:g7;8:g8;9:g9
18:40,1120,"g1,g2,g3","g1,g2,g3",1:g1;2:g2;3:g3;4:g4;5:g5;6:g6;7:g7;8:g8;9:g9,1:g1;2:g2;3:g3;4:g4;5:g5;6:g6;7:g7;8:g8;9:g9
18:45,1125,"g6,g1,g2","g1,g2,g3",1:g6;2:g1;3:g2;4:g3;5:g4;6:g5;7:g7;8:g8;9:g9,1:g1;2:g2;3:g3;4:g4;5:g5;6:g6;7:g7;8:g8;9:g9
18:50,1130,"g5,g1,g2","g8,g7,g9",1:g5;2:g1;3:g2;4:g3;5:g4;6:g6;7:g7;8:g8;9:g9,1:g8;2:g7;3:g9;4:g6;5:g3;6:g2;7:g1;8:g5;9:g4
18:55,1135,"g3,g5,g1","g1,g2,g3",1:g3;2:g5;3:g1;4:g2;5:g4;6:g6;7:g7;8:g8;9:g9,1:g1;2:g2;3:g3;4:g4;5:g5;6:g6;7:g7;8:g8;9:g9
19:00,1140,"g3,g4,g1","g1,g2,g3",1:g3;2:g4;3:g1;4:g2;5:g5;6:g6;7:g7;8:g8;9:g9,1:g1;2:g2;3:g3;4:g4;5:g5;6:g6;7:g7;8:g8;9:g9
19:05,1145,"g8,g5,g9","g1,g2,g3",1:g8;2:g5;3:g9;4:g1;5:g2;6:g3;7:g4;8:g6;9:g7,1:g1;2:g2;3:g3;4:g4;5:g5;6:g6;7:g7;8:g8;9:g9
19:10,1150,"g5,g6,g8","g5,g6,g1",1:g5;2:g6;3:g8;4:g9;5:g1;6:g2;7:g3;8:g4;9:g7,1:g5;2:g6;3:g1;4:g7;5:g3;6:g4;7:g9;8:g2;9:g8
19:15,1155,"g6,g8,g1","g1,g2,g3",1:g6;2:g8;3:g1;4:g2;5:g3;6:g4;7:g5;8:g7;9:g9,1:g1;2:g2;3:g3;4:g4;5:g5;6:g6;7:g7;8:g8;9:g9
19:20,1160,"g2,g6,g9","g1,g2,g3",1:g2;2:g6;3:g9;4:g1;5:g3;6:g4;7:g5;8:g7;9:g8,1:g1;2:g2;3:g3;4:g4;5:g5;6:g6;7:g7;8:g8;9:g9
19:25,1165,"g2,g9,g1","g8,g9,g6",1:g2;2:g9;3:g1;4:g3;5:g4;6:g5;7:g6;8:g7;9:g8,1:g8;2:g9;3:g6;4:g3;5:g5;6:g4;7:g1;8:g7;9:g2
19:30,1170,"g6,g3,g4","g1,g2,g3",1:g6;2:g3;3:g4;4:g9;5:g1;6:g2;7:g5;8:g7;9:g8,1:g1;2:g2;3:g3;4:g4;5:g5;6:g6;7:g7;8:g8;9:g9
19:35,1175,"g9,g4,g6","g1,g2,g3",1:g9;2:g4;3:g6;4:g1;5:g2;6:g3;7:g5;8:g7;9:g8,1:g1;2:g2;3:g3;4:g4;5:g5;6:g6;7:g7;8:g8;9:g9
19:40,1180,"g4,g5,g6","g1,g2,g3",1:g4;2:g5;3:g6;4:g9;5:g1;6:g2;7:g3;8:g7;9:g8,1:g1;2:g2;3:g3;4:g4;5:g5;6:g6;7:g7;8:g8;9:g9
19:45,1185,"g3,g6,g9","g9,g6,g2",1:g3;2:g6;3:g9;4:g1;5:g2;6:g4;7:g5;8:g7;9:g8,1:g9;2:g6;3:g2;4:g4;5:g1;6:g3;7:g7;8:g8;9:g5
19:50,1190,"g9,g1,g3","g1,g2,g3",1:g9;2:g1;3:g3;4:g4;5:g5;6:g2;7:g6;8:g7;9:g8,1:g1;2:g2;3:g3;4:g4;5:g5;6:g6;7:g7;8:g8;9:g9
19:55,1195,"g2,g1,g3","g1,g2,g3",1:g2;2:g1;3:g3;4:g4;5:g5;6:g9;7:g6;8:g7;9:g8,1:g1;2:g2;3:g3;4:g4;5:g5;6:g6;7:g7;8:g8;9:g9
20:00,1200,"g2,g3,g5","g1,g2,g3",1:g2;2:g3;3:g5;4:g1;5:g4;6:g6;7:g7;8:g8;9:g9,1:g1;2:g2;3:g3;4:g4;5:g5;6:g6;7:g7;8:g8;9:g9
20:05,1205,"g4,g1,g2","g1,g2,g3",1:g4;2:g1;3:g2;4:g6;5:g3;6:g5;7:g7;8:g8;9:g9,1:g1;2:g2;3:g3;4:g4;5:g5;6:g6;7:g7;8:g8;9:g9
20:10,1210,"g6,g1,g5","g9,g5,g3",1:g6;2:g1;3:g5;4:g2;5:g3;6:g4;7:g7;8:g8;9:g9,1:g9;2:g5;3:g3;4:g4;5:g1;6:g2;7:g6;8:g7;9:g8
20:15,1215,"g5,g6,g1","g1,g2,g3",1:g5;2:g6;3:g1;4:g2;5:g3;6:g4;7:g7;8:g8;9:g9,1:g1;2:g2;3:g3;4:g4;5:g5;6:g6;7:g7;8:g8;9:g9
20:20,1220,"g5,g9,g1","g1,g2,g3",1:g5;2:g9;3:g1;4:g2;5:g3;6:g4;7:g6;8:g7;9:g8,1:g1;2:g2;3:g3;4:g4;5:g5;6:g6;7:g7;8:g8;9:g9
20:25,1225,"g5,g6,g1","g1,g2,g3",1:g5;2:g6;3:g1;4:g2;5:g3;6:g4;7:g7;8:g8;9:g9,1:g1;2:g2;3:g3;4:g4;5:g5;6:g6;7:g7;8:g8;9:g9
20:30,1230,"g5,g4,g6","g6,g5,g1",1:g5;2:g4;3:g6;4:g1;5:g2;6:g3;7:g7;8:g8;9:g9,1:g6;2:g5;3:g1;4:g2;5:g4;6:g3;7:g7;8:g9;9:g8
20:35,1235,"g4,g5,g1","g1,g2,g3",1:g4;2:g5;3:g1;4:g2;5:g3;6:g6;7:g7;8:g8;9:g9,1:g1;2:g2;3:g3;4:g4;5:g5;6:g6;7:g7;8:g8;9:g9
20:40,1240,"g3,g4,g5","g1,g2,g3",1:g3;2:g4;3:g5;4:g1;5:g2;6:g6;7:g7;8:g8;9:g9,1:g1;2:g2;3:g3;4:g4;5:g5;6:g6;7:g7;8:g8;9:g9
20:45,1245,"g4,g6,g8","g5,g6,g4",1:g4;2:g6;3:g8;4:g1;5:g2;6:g3;7:g5;8:g7;9:g9,1:g5;2:g6;3:g4;4:g3;5:g8;6:g1;7:g7;8:g2;9:g9
20:50,1250,"g4,g6,g1","g1,g2,g3",1:g4;2:g6;3:g1;4:g2;5:g3;6:g5;7:g7;8:g8;9:g9,1:g1;2:g2;3:g3;4:g4;5:g5;6:g6;7:g7;8:g8;9:g9
20:55,1255,"g3,g2,g1","g1,g2,g3",1:g3;2:g2;3:g1;4:g4;5:g5;6:g6;7:g7;8:g8;9:g9,1:g1;2:g2;3:g3;4:g4;5:g5;6:g6;7:g7;8:g8;9:g9
21:00,1260,"g3,g1,g2","g1,g2,g3",1:g3;2:g1;3:g2;4:g4;5:g5;6:g6;7:g7;8:g8;9:g9,1:g1;2:g2;3:g3;4:g4;5:g5;6:g6;7:g7;8:g8;9:g9
21:05,1265,"g3,g1,g2","g1,g2,g3",1:g3;2:g1;3:g2;4:g4;5:g5;6:g6;7:g7;8:g8;9:g9,1:g1;2:g2;3:g3;4:g4;5:g5;6:g6;7:g7;8:g8;9:g9
21:10,1270,"g2,g3,g1","g4,g6,g3",1:g2;2:g3;3:g1;4:g4;5:g5;6:g6;7:g7;8:g8;9:g9,1:g4;2:g6;3:g3;4:g8;5:g7;6:g1;7:g2;8:g5;9:g9
21:15,1275,"g1,g2,g3","g1,g2,g3",1:g1;2:g2;3:g3;4:g4;5:g5;6:g6;7:g7;8:g8;9:g9,1:g1;2:g2;3:g3;4:g4;5:g5;6:g6;7:g7;8:g8;9:g9
21:20,1280,"g3,g7,g1","g1,g2,g3",1:g3;2:g7;3:g1;4:g2;5:g4;6:g5;7:g6;8:g8;9:g9,1:g1;2:g2;3:g3;4:g4;5:g5;6:g6;7:g7;8:g8;9:g9
21:25,1285,"g3,g1,g2","g1,g2,g3",1:g3;2:g1;3:g2;4:g4;5:g5;6:g6;7:g7;8:g8;9:g9,1:g1;2:g2;3:g3;4:g4;5:g5;6:g6;7:g7;8:g8;9:g9
21:30,1290,"g7,g3,g1","g3,g2,g7",1:g7;2:g3;3:g1;4:g2;5:g4;6:g5;7:g6;8:g8;9:g9,1:g3;2:g2;3:g7;4:g5;5:g1;6:g9;7:g8;8:g4;9:g6
21:35,1295,"g7,g1,g2","g1,g2,g3",1:g7;2:g1;3:g2;4:g3;5:g4;6:g5;7:g6;8:g8;9:g9,1:g1;2:g2;3:g3;4:g4;5:g5;6:g6;7:g7;8:g8;9:g9
21:40,1300,"g3,g7,g1","g1,g2,g3",1:g3;2:g7;3:g1;4:g2;5:g4;6:g5;7:g6;8:g8;9:g9,1:g1;2:g2;3:g3;4:g4;5:g5;6:g6;7:g7;8:g8;9:g9
21:45,1305,"g7,g1,g2","g7,g3,g1",1:g7;2:g1;3:g2;4:g3;5:g4;6:g5;7:g6;8:g8;9:g9,1:g7;2:g3;3:g1;4:g6;5:g2;6:g9;7:g8;8:g5;9:g4
21:50,1310,"g1,g2,g3","g1,g2,g3",1:g1;2:g2;3:g3;4:g4;5:g5;6:g6;7:g7;8:g8;9:g9,1:g1;2:g2;3:g3;4:g4;5:g5;6:g6;7:g7;8:g8;9:g9
21:55,1315,"g1,g2,g3","g1,g2,g3",1:g1;2:g2;3:g3;4:g4;5:g5;6:g6;7:g7;8:g8;9:g9,1:g1;2:g2;3:g3;4:g4;5:g5;6:g6;7:g7;8:g8;9:g9
22:00,1320,"g1,g2,g3","g1,g2,g3",1:g1;2:g2;3:g3;4:g4;5:g5;6:g6;7:g7;8:g8;9:g9,1:g1;2:g2;3:g3;4:g4;5:g5;6:g6;7:g7;8:g8;9:g9
22:05,1325,"g8,g1,g2","g7,g3,g5",1:g8;2:g1;3:g2;4:g3;5:g4;6:g5;7:g6;8:g7;9:g9,1:g7;2:g3;3:g5;4:g9;5:g2;6:g4;7:g6;8:g1;9:g8
22:10,1330,"g8,g1,g2","g1,g2,g3",1:g8;2:g1;3:g2;4:g3;5:g4;6:g5;7:g6;8:g7;9:g9,1:g1;2:g2;3:g3;4:g4;5:g5;6:g6;7:g7;8:g8;9:g9
22:15,1335,"g1,g2,g3","g1,g2,g3",1:g1;2:g2;3:g3;4:g4;5:g5;6:g6;7:g7;8:g8;9:g9,1:g1;2:g2;3:g3;4:g4;5:g5;6:g6;7:g7;8:g8;9:g9
22:20,1340,"g1,g2,g3","g1,g2,g3",1:g1;2:g2;3:g3;4:g4;5:g5;6:g6;7:g7;8:g8;9:g9,1:g1;2:g2;3:g3;4:g4;5:g5;6:g6;7:g7;8:g8;9:g9
22:25,1345,"g1,g2,g3","g1,g2,g3",1:g1;2:g2;3:g3;4:g4;5:g5;6:g6;7:g7;8:g8;9:g9,1:g1;2:g2;3:g3;4:g4;5:g5;6:g6;7:g7;8:g8;9:g9
22:30,1350,"g1,g2,g3","g8,g1,g4",1:g1;2:g2;3:g3;4:g4;5:g5;6:g6;7:g7;8:g8;9:g9,1:g8;2:g1;3:g4;4:g5;5:g6;6:g7;7:g9;8:g3;9:g2
22:35,1355,"g1,g2,g3","g1,g2,g3",1:g1;2:g2;3:g3;4:g4;5:g5;6:g6;7:g7;8:g8;9:g9,1:g1;2:g2;3:g3;4:g4;5:g5;6:g6;7:g7;8:g8;9:g9
22:40,1360,"g1,g2,g3","g1,g2,g3",1:g1;2:g2;3:g3;4:g4;5:g5;6:g6;7:g7;8:g8;9:g9,1:g1;2:g2;3:g3;4:g4;5:g5;6:g6;7:g7;8:g8;9:g9
22:45,1365,"g1,g2,g3","g1,g2,g3",1:g1;2:g2;3:g3;4:g4;5:g5;6:g6;7:g7;8:g8;9:g9,1:g1;2:g2;3:g3;4:g4;5:g5;6:g6;7:g7;8:g8;9:g9
22:50,1370,"g1,g2,g3","g1,g2,g3",1:g1;2:g2;3:g3;4:g4;5:g5;6:g6;7:g7;8:g8;9:g9,1:g1;2:g2;3:g3;4:g4;5:g5;6:g6;7:g7;8:g8;9:g9
22:55,1375,"g1,g2,g3","g1,g2,g3",1:g1;2:g2;3:g3;4:g4;5:g5;6:g6;7:g7;8:g8;9:g9,1:g1;2:g2;3:g3;4:g4;5:g5;6:g6;7:g7;8:g8;9:g9
23:00,1380,"g1,g2,g3","g1,g2,g3",1:g1;2:g2;3:g3;4:g4;5:g5;6:g6;7:g7;8:g8;9:g9,1:g1;2:g2;3:g3;4:g4;5:g5;6:g6;7:g7;8:g8;9:g9
23:05,1385,"g1,g2,g3","g1,g2,g3",1:g1;2:g2;3:g3;4:g4;5:g5;6:g6;7:g7;8:g8;9:g9,1:g1;2:g2;3:g3;4:g4;5:g5;6:g6;7:g7;8:g8;9:g9
23:10,1390,"g1,g2,g3","g1,g2,g3",1:g1;2:g2;3:g3;4:g4;5:g5;6:g6;7:g7;8:g8;9:g9,1:g1;2:g2;3:g3;4:g4;5:g5;6:g6;7:g7;8:g8;9:g9
23:15,1395,"g1,g2,g3","g1,g2,g3",1:g1;2:g2;3:g3;4:g4;5:g5;6:g6;7:g7;8:g8;9:g9,1:g1;2:g2;3:g3;4:g4;5:g5;6:g6;7:g7;8:g8;9:g9
23:16,1396,"g1,g2,g3","g1,g2,g3",1:g1;2:g2;3:g3;4:g4;5:g5;6:g6;7:g7;8:g8;9:g9,1:g1;2:g2;3:g3;4:g4;5:g5;6:g6;7:g7;8:g8;9:g9
23:20,1400,"g1,g2,g3","g1,g2,g3",1:g1;2:g2;3:g3;4:g4;5:g5;6:g6;7:g7;8:g8;9:g9,1:g1;2:g2;3:g3;4:g4;5:g5;6:g6;7:g7;8:g8;9:g9
